254.993861
244.654035
248.764410
253.983613
252.560860
257.578803
248.886565
251.566323
248.468500
243.805853
267.721006
240.013095
245.913781
250.025723
252.390763
252.932890
265.070415
247.199869
251.339050
254.231511
251.276602
249.450666
253.465724
250.943293
250.792430
247.782224
257.411466
247.151634
252.436846
259.003879
249.267135
246.116532
251.351340
248.023034
241.167310
244.023308
263.047428
259.902111
260.507494
258.126761
255.615131
247.045398
255.573232
254.778045
238.641287
254.563437
249.635441
254.045646
253.163333
259.695298
254.382721
255.634400
250.493856
264.296288
256.636605
244.470212
253.912935
242.426305
249.818384
255.044760
255.885770
255.655370
255.293743
254.990278
238.291318
258.002758
260.634452
241.687248
252.569283
250.943349
258.424644
246.688038
251.701534
248.728201
245.892717
257.643772
248.238190
255.456051
243.694789
243.379377
252.308266
254.057315
256.995076
258.677348
250.879681
242.912926
249.468886
260.264533
254.295512
248.923878
262.918084
250.426233
254.118104
254.307662
251.102508
255.629573
253.944383
259.073662
251.454828
250.110799
250.820668
238.216319
257.795252
248.216886
247.113363
252.389174
252.048245
247.273617
251.549193
251.849507
256.043316
254.837899
255.473428
243.162033
257.773673
255.994232
254.342012
264.975247
253.203899
252.099851
247.236103
252.103975
251.043808
247.020599
252.710893
250.694029
252.278409
256.387787
252.796431
244.100143
249.464702
254.143275
250.748983
263.679165
255.264547
252.862218
265.607964
241.697901
249.121417
255.365059
253.282820
251.831255
255.790402
248.587167
253.946194
249.730838
255.912952
250.189745
244.816645
252.433411
254.980116
255.530519
247.547390
249.934386
243.134791
254.436223
252.052300
255.202258
255.291198
253.348633
256.390128
263.712057
261.481536
257.943593
248.550258
250.088990
258.917420
254.495231
249.007358
252.999489
254.783023
257.328975
253.450802
254.316320
245.262116
257.767959
250.612156
243.715750
254.393796
251.118788
256.747341
244.267097
248.875812
244.423694
253.335665
251.259117
257.627849
240.841681
260.185559
250.837810
257.104128
250.698549
246.940601
249.523505
249.669868
256.645934
253.564531
248.385788
251.274639
260.919006
260.760795
251.203390
243.783296
245.461226
248.920700
262.061872
254.316622
252.167142
258.141409
254.113198
247.886562
259.167392
252.071762
259.677055
253.542286
256.251183
249.825532
254.548883
250.299157
250.331087
261.733136
255.518596
253.566090
267.784036
255.485096
261.404282
251.703252
258.517084
247.018854
252.132948
262.169622
258.320318
254.324922
251.348384
242.590619
257.407455
247.163519
257.089241
250.355639
254.973122
257.539968
251.072490
262.724200
250.691090
250.576899
261.632025
261.210938
261.779948
247.681183
260.061982
254.633418
242.437956
257.454964
255.037286
248.197983
257.014259
258.142863
249.059706
255.445303
255.626103
255.849509
258.418586
246.260720
260.600799
251.957316
254.800311
250.729936
265.245980
257.031486
250.403125
247.866817
245.074306
242.245078
248.650102
255.240087
258.419493
257.114662
251.915632
246.342676
252.211975
245.592972
252.933546
251.235443
253.963438
237.987070
257.214194
244.920481
240.076024
255.246231
250.823685
250.224489
256.005818
257.139716
254.912313
262.603153
240.700294
252.554331
250.501940
260.301976
246.812627
253.406650
253.648205
247.647883
256.709815
243.506465
246.187561
250.612962
254.569963
250.018391
261.724960
260.930565
256.894219
245.371074
250.340791
247.620259
263.216349
261.662140
252.747716
259.546816
256.221531
257.489487
255.162855
260.926510
247.639296
249.131405
250.851277
241.759615
246.016864
244.651995
250.179252
250.777525
256.402253
249.950589
250.726214
257.662183
247.697729
243.460308
253.641408
253.362445
249.386573
253.737463
250.713979
253.050416
256.596791
252.921635
252.848362
256.426525
250.076283
253.238750
256.910338
256.834183
244.347907
253.462002
257.979349
250.017418
253.876212
255.562805
250.102373
257.744631
262.606227
261.061732
254.643302
265.715273
255.349623
252.727498
246.730489
254.252834
245.755563
257.464038
254.309157
253.129897
251.680995
257.837855
259.414084
260.501306
257.884034
254.105567
253.860612
251.373488
250.950713
249.413319
245.113668
252.849038
243.497050
249.918046
245.617568
254.087368
247.083137
246.576790
252.174431
250.618505
253.422158
259.558078
249.680567
252.775333
255.620261
258.709415
254.925638
249.844805
256.795552
254.190197
251.402686
255.473456
251.252948
258.339581
252.973175
250.825899
247.994451
252.447222
259.486068
251.210472
243.317296
249.955525
253.922434
255.779792
250.104216
246.401287
252.027151
260.113057
258.815668
246.650734
259.709482
251.334159
242.517132
242.727399
255.516084
258.334560
248.959681
252.666562
251.562501
251.790706
253.007369
244.391393
248.758713
249.235827
245.357657
252.579650
254.938650
249.689706
259.782038
244.683630
253.587756
249.945870
258.813450
246.848609
254.864484
250.195363
257.316909
246.228160
255.635244
249.838665
257.557163
249.245192
253.510980
249.946937
250.210394
259.733551
245.241614
244.453092
257.055164
256.620712
257.769349
245.261263
260.243909
249.948477
249.769654
257.098554
256.509427
252.894435
249.930271
257.578939
256.716415
257.862295
248.525266
247.814395
253.584313
254.044546
247.956287
253.554414
247.967596
252.558488
258.491030
252.305491
251.451071
251.199724
251.961041
256.956844
248.554408
246.554996
254.980561
257.894127
246.496264
253.186787
254.182705
253.435412
254.594285
257.783772
248.380108
258.594968
253.828137
250.631491
252.241188
252.872137
257.452025
262.706522
251.285909
243.846122
254.293411
252.651594
241.992825
255.291258
251.631723
255.481198
248.908959
254.852450
258.047700
252.648086
254.245165
261.486259
268.080128
263.040642
256.086585
251.649688
262.280870
249.526631
247.822043
247.188372
253.874519
249.522192
250.430603
250.814796
263.622015
247.790545
251.533112
258.006434
260.978037
260.370813
254.122092
262.521969
257.438508
251.771840
257.758949
252.451103
263.200305
252.210178
245.178193
246.124978
257.657831
257.794253
257.178138
253.035262
246.458140
256.947910
251.777118
249.446966
252.666636
252.824244
263.771037
249.237966
251.806220
258.211217
257.589874
249.947448
249.891585
251.538025
259.142150
254.184779
258.489431
255.332725
251.789200
246.368564
255.927739
258.870807
254.633509
255.740249
253.617919
255.231519
237.859829
245.199700
257.141074
252.438435
244.700850
256.074454
264.006896
251.126040
255.671309
258.895014
257.954538
246.409731
247.833236
246.292844
251.925547
251.486357
251.936387
258.166886
250.745170
244.518972
257.440444
257.781631
260.224727
267.203622
253.870471
245.616999
255.251340
252.788406
249.684156
256.676468
249.749415
252.464281
255.523724
254.699926
248.819560
246.799756
239.187976
252.000300
255.475176
245.430813
250.430740
249.047400
257.631516
249.289523
252.736724
243.443441
247.104265
248.844161
249.906765
253.527623
246.857262
256.385739
247.344370
249.647696
258.680742
254.397092
254.417719
256.466071
249.980257
253.133772
261.602714
251.282807
255.559043
249.668680
247.117140
249.970179
251.761898
255.498805
252.668815
246.649703
244.145007
258.138037
252.351077
261.437234
257.074034
248.795686
257.036961
257.018407
264.083397
251.206771
253.404042
256.649494
247.928550
247.335540
253.642245
250.732608
260.354513
248.145917
254.087554
257.773459
252.922139
250.340526
248.431242
251.047226
253.893953
253.680408
248.975746
260.440281
248.999641
245.422990
257.485895
260.191374
259.840269
252.093985
252.239936
255.867873
262.710049
256.049401
250.542728
259.246833
251.179445
244.293900
255.082490
257.926025
258.993193
254.019540
244.304496
254.950365
252.721216
254.967217
253.927724
255.902087
253.091352
253.223182
254.317035
251.987921
256.431297
254.368127
261.386786
247.115752
249.328717
253.769154
251.616802
256.739347
257.628509
253.509317
253.059801
251.468923
255.077213
249.427912
246.279565
250.803893
259.132648
250.593445
254.430244
238.804913
248.718498
247.411802
252.360718
245.733449
242.365747
256.946696
261.940217
255.559676
256.838366
252.834362
247.585970
244.594190
246.587823
255.985782
255.198404
251.305317
246.475909
247.414357
256.170123
245.098463
248.021310
257.202180
254.361681
250.286175
245.720800
252.926404
249.178781
250.670122
250.460614
250.847607
261.087822
254.543040
239.973634
249.111890
249.129668
251.771471
249.193003
260.867211
250.211923
258.612931
250.339454
243.138482
252.505591
253.106854
248.988727
252.973574
246.866950
266.146144
248.293637
248.205456
252.142546
252.386015
253.279586
258.234770
249.648802
254.778656
269.467895
249.720280
258.709036
253.425904
251.586727
256.779441
249.290400
258.142318
252.032289
250.229931
245.391401
253.811484
257.704367
259.650272
259.257461
249.651467
262.062855
257.399222
255.587441
246.971447
253.630607
253.387169
250.843773
252.754271
253.567720
251.191530
253.900266
251.498341
254.249769
247.620369
246.281169
250.056812
255.246136
255.868980
249.878309
251.020515
255.909114
254.453548
259.570249
261.475341
251.383568
253.634957
258.457620
260.346684
254.687423
244.504740
256.847176
259.638171
255.348714
253.586534
250.940741
263.168554
252.131036
250.991272
253.906505
264.462961
253.315616
239.524590
256.929630
258.646578
257.701090
238.349201
247.654018
261.658057
235.565281
251.215773
252.644830
257.729075
253.675398
253.759571
257.890125
243.214196
254.421274
246.844829
254.796516
257.911325
258.327425
257.330946
251.203567
251.877313
245.171647
256.426687
246.519999
260.144822
252.545282
250.914279
244.257926
251.811727
247.602458
243.672274
239.912405
250.823902
251.848815
249.210233
243.561781
251.603059
255.633874
262.984497
246.056495
252.427887
250.843361
258.857988
259.320779
259.996437
256.589093
254.280430
247.882458
251.583778
255.259504
246.187693
248.544657
261.695582
260.529371
247.870392
254.936699
256.616387
258.015922
250.251490
253.204435
253.648514
255.518143
247.067144
260.331703
253.309608
254.917859
253.144748
247.479458
251.882670
256.946081
247.075786
261.785155
246.561413
245.443545
262.218840
253.717785
252.064658
257.924381
250.370116
253.819954
256.192837
245.412800
252.752847
249.060344
250.304172
255.934851
251.911618
254.629001
249.369138
252.294630
245.543582
251.658512
245.621253
242.640556
252.221451
236.492751
249.337701
248.991956
257.616626
247.959854
251.320396
254.007226
254.152377
254.166432
254.506017
253.098351
256.953010
245.729217
248.488126
247.665307
252.512805
257.903742
249.465397
240.196748
250.562872
257.543684
259.957828
258.007464
251.302778
254.956052
250.503127
245.865227
251.063984
257.210493
250.115020
254.776105
242.552443
259.446841
260.774756
251.182309
255.617305
247.371661
246.519289
257.606861
252.854656
251.560185
255.839527
253.647425
250.164325
250.210521
254.312498
240.605271
253.907559
253.873882
257.449371
246.814970
262.913691
251.801278
253.573145
246.588754
243.455557
246.919015
255.324670
252.645571
255.742940
255.970250
242.490639
252.177559
252.075711
248.628913
242.470345
251.733293
