0.994715
0.410624
0.714217
0.659119
0.920729
0.242716
0.404479
0.531616
0.098000
0.811426
0.593549
0.339529
0.304956
0.416525
0.037192
0.667848
0.073007
0.569637
0.896784
0.080313
0.106607
0.239364
0.904177
0.209140
0.578971
0.268936
0.212105
0.831476
0.652035
0.488126
0.289377
0.105245
0.785915
0.422828
0.529057
0.460723
0.559911
0.541289
0.758314
0.196795
0.398523
0.028992
0.942082
0.744754
0.650521
0.430728
0.815634
0.304325
0.311371
0.756256
0.366251
0.259216
0.880604
0.269339
0.335892
0.827622
0.183519
0.622696
0.174994
0.291580
0.808678
0.798544
0.512614
0.142459
0.721511
0.557722
0.990242
0.332315
0.169067
0.998885
0.359051
0.530894
0.297949
0.122934
0.274771
0.997737
0.244760
0.582971
0.479999
0.277234
0.453452
0.187982
0.633475
0.265850
0.065278
0.424574
0.980481
0.263644
0.326597
0.624121
0.650962
0.189289
0.133819
0.888729
0.635400
0.782136
0.723821
0.862713
0.221404
0.749676
0.650557
0.987336
0.251142
0.421111
0.952872
0.532873
0.114573
0.089180
0.625233
0.137002
0.495767
0.716781
0.001618
0.229785
0.636200
0.471231
0.327408
0.488145
0.856866
0.937972
0.975100
0.282627
0.127376
0.758698
0.034611
0.588408
0.970864
0.858010
0.869465
0.693860
0.825248
0.847337
0.653860
0.804933
0.615132
0.879002
0.324053
0.538727
0.524776
0.051077
0.073569
0.456741
0.099689
0.016429
0.444919
0.563234
0.568814
0.838302
0.646664
0.940628
0.474966
0.127803
0.517920
0.084832
0.181057
0.304107
0.454860
0.814120
0.980263
0.246228
0.593391
0.018700
0.583959
0.834181
0.193167
0.629024
0.611055
0.392199
0.089906
0.498359
0.768858
0.599215
0.693904
0.631552
0.712863
0.468084
0.609855
0.139325
0.116869
0.644648
0.045382
0.450387
0.085277
0.156441
0.019999
0.015083
0.879994
0.049050
0.433113
0.009992
0.713990
0.674505
0.170632
0.614347
0.228734
0.287288
0.367107
0.667238
0.668939
0.579643
0.340105
0.947749
0.428493
0.601518
0.861769
0.935224
0.847747
0.049636
0.586486
0.608443
0.719433
0.658010
0.144746
0.348969
0.129458
0.324011
0.416007
0.081581
0.482819
0.494132
0.224739
0.666490
0.375243
0.539553
0.555858
0.734174
0.145664
0.882073
0.915912
0.413841
0.362341
0.763299
0.049777
0.314077
0.187204
0.822655
0.579737
0.587382
0.281591
0.777983
0.860563
0.315192
0.800553
0.176083
0.241060
0.562242
0.630262
0.540970
0.622447
0.635925
0.700666
0.267593
0.316529
0.970780
0.485193
0.933268
0.819094
0.536411
0.854389
0.240788
0.729738
0.187980
0.499192
0.648693
0.528664
0.113672
0.586538
0.910505
0.698625
0.492459
0.420219
0.510966
0.996253
0.431348
0.227627
0.953646
0.333044
0.527153
0.499912
0.286709
0.317411
0.763000
0.970065
0.075490
0.211502
0.862847
0.221477
0.513436
0.770642
0.368173
0.264307
0.666950
0.901057
0.176765
0.392489
0.876372
0.127181
0.117026
0.321090
0.724641
0.696912
0.264471
0.459258
0.131918
0.272465
0.399246
0.681434
0.629230
0.908235
0.910253
0.044517
0.097222
0.254234
0.065091
0.246034
0.974116
0.125724
0.848315
0.688544
0.421325
0.055936
0.148709
0.628499
0.625541
0.432269
0.703247
0.498438
0.921049
0.762014
0.499994
0.249912
0.834419
0.779073
0.245542
0.173181
0.085951
0.175284
0.093161
0.656997
0.424388
0.454033
0.456067
0.686031
0.476126
0.190207
0.784939
0.701751
0.993646
0.720883
0.769126
0.099633
0.713928
0.970214
0.024092
0.389699
0.403603
0.097768
0.637802
0.406322
0.724008
0.908645
0.257832
0.212819
0.147252
0.700489
0.844024
0.721156
0.879084
0.357597
0.491302
0.047929
0.827097
0.903325
0.077122
0.384820
0.412802
0.022981
0.138814
0.793448
0.693691
0.300470
0.219272
0.148293
0.598393
0.264313
0.441011
0.804649
0.667194
0.487813
0.958011
0.651700
0.981491
0.535559
0.782131
0.841789
0.691901
0.581773
0.506565
0.125185
0.015463
0.758465
0.051753
0.492364
0.624909
0.546192
0.084995
0.037968
0.266195
0.055136
0.820873
0.836042
0.884412
0.335390
0.160525
0.582156
0.441307
0.689392
0.697157
0.740726
0.404828
0.535280
0.174070
0.190359
0.610478
0.976848
0.189222
0.890266
0.624463
0.645990
0.284145
0.607094
0.256598
0.690008
0.045223
0.613438
0.395724
0.184711
0.525532
0.821231
0.495942
0.041100
0.541534
0.361972
0.622191
0.685699
0.868977
0.483202
0.881109
0.858602
0.059595
0.213385
0.186111
0.306007
0.706038
0.088197
0.294926
0.682243
0.127639
0.612046
0.735785
0.587185
0.045506
0.546674
0.864141
0.279301
0.719534
0.772357
0.097548
0.055475
0.137371
0.094688
0.552404
0.976317
0.834143
0.045994
0.593922
0.307949
0.373182
0.230833
0.820408
0.158169
0.594009
0.782675
0.182743
0.210003
0.273938
0.959268
0.997760
0.215825
0.173120
0.894832
0.913036
0.450234
0.121467
0.490910
0.967700
0.521561
0.097043
0.057926
0.817994
0.037670
0.618535
0.963776
0.860413
0.688442
0.261309
0.921123
0.359229
0.843342
0.960481
0.638862
0.787227
0.259343
0.415331
0.706843
0.159356
0.316298
0.311417
0.266847
0.402907
0.649006
0.398777
0.944439
0.075134
0.921814
0.346586
0.608147
0.111773
0.728612
0.760916
0.473154
0.476082
0.203399
0.633091
0.470331
0.250630
0.255159
0.100612
0.507073
0.195417
0.581338
0.000030
0.796081
0.471242
0.494244
0.335109
0.309923
0.919956
0.085581
0.942686
0.282603
0.890028
0.165750
0.210513
0.870041
0.609883
0.888304
0.157062
0.401492
0.221634
0.743102
0.732917
0.356243
0.338239
0.273133
0.236741
0.273408
0.194196
0.629819
0.123268
0.560302
0.780676
0.421152
0.157666
0.121641
0.284631
0.206388
0.191772
0.791145
0.238785
0.179255
0.822209
0.303072
0.353832
0.811277
0.703883
0.210654
0.642612
0.028513
0.676724
0.614879
0.291296
0.887607
0.516757
0.578849
0.506919
0.304590
0.529553
0.511839
0.447880
0.659586
0.420532
0.688094
0.775601
0.888643
0.156076
0.992765
0.208610
0.862382
0.062694
0.231380
0.331761
0.668952
0.858500
0.343780
0.321386
0.922337
0.199913
0.186074
0.995998
0.926570
0.311922
0.128457
0.212255
0.000793
0.217166
0.577384
0.091302
0.874088
0.942414
0.469107
0.362764
0.169374
0.731781
0.840949
0.995602
0.749538
0.301211
0.454562
0.148281
0.554500
0.495227
0.579401
0.353624
0.857298
0.941162
0.837677
0.839231
0.646747
0.177595
0.632139
0.210723
0.974487
0.594101
0.060997
0.159321
0.998719
0.812204
0.206749
0.463524
0.952258
0.278088
0.096886
0.295408
0.978820
0.310983
0.782839
0.210966
0.715014
0.025814
0.110387
0.502227
0.734822
0.446911
0.924543
0.673218
0.960219
0.203700
0.824022
0.132294
0.280107
0.011865
0.967615
0.511666
0.107348
0.479727
0.209718
0.231866
0.389006
0.536272
0.199380
0.509638
0.030578
0.842756
0.316010
0.921779
0.227468
0.186420
0.204703
0.762421
0.802696
0.435509
0.674826
0.811722
0.549605
0.014080
0.376487
0.653848
0.859875
0.705500
0.846718
0.675594
0.824828
0.895231
0.408657
0.082298
0.293068
0.649109
0.345127
0.452103
0.430467
0.373324
0.600957
0.862808
0.019848
0.848950
0.216226
0.117080
0.516309
0.612959
0.340710
0.622539
0.176429
0.084095
0.093080
0.040397
0.596913
0.992367
0.821874
0.552048
0.843893
0.692765
0.517198
0.595949
0.388226
0.772050
0.312652
0.202787
0.352253
0.990734
0.042607
0.263364
0.644452
0.949013
0.418892
0.711544
0.159618
0.878828
0.294714
0.671484
0.593089
0.556303
0.578795
0.106011
0.896114
0.153342
0.764299
0.023978
0.887235
0.534882
0.253773
0.299086
0.988329
0.826484
0.480457
0.358757
0.125463
0.382242
0.110851
0.748819
0.732237
0.490393
0.492063
0.794210
0.738249
0.714021
0.796334
0.182758
0.176516
0.732262
0.174790
0.339555
0.476093
0.150847
0.936210
0.690101
0.747328
0.202287
0.651904
0.320974
0.833005
0.359563
0.134074
0.694163
0.865527
0.878388
0.538054
0.899412
0.461696
0.778168
0.748370
0.637842
0.517876
0.947197
0.360459
0.458759
0.900565
0.134413
0.135826
0.972359
0.182672
0.256617
0.043934
0.832047
0.942482
0.504347
0.757031
0.505519
0.425759
0.754888
0.379624
0.883722
0.517033
0.030315
0.846402
0.214026
0.568868
0.853173
0.568575
0.041314
0.797867
0.172218
0.066701
0.246759
0.468962
0.363605
0.020097
0.433849
0.251258
0.624054
0.327662
0.345099
0.339944
0.770167
0.813870
0.453585
0.477530
0.573539
0.494396
0.524415
0.919201
0.654994
0.716315
0.302816
0.332743
0.790707
0.837066
0.958896
0.841234
0.884386
0.478675
0.664528
0.716298
0.928048
0.519367
0.262623
0.554368
0.243472
0.710074
0.557002
0.551643
0.963612
0.274483
0.489024
0.053592
0.396902
0.072117
0.426613
0.160338
0.999062
0.844789
0.579020
0.644902
0.900496
0.760401
0.870357
0.454117
0.549073
0.165521
0.908685
0.107814
0.278507
0.148931
0.192711
0.520651
0.676256
0.293081
0.064604
0.974477
0.639231
0.738338
0.787990
0.475203
0.204517
0.702941
0.014820
0.874490
0.736828
0.993426
0.695026
0.525746
0.470550
0.944286
0.010059
0.173179
0.532749
0.554848
0.197943
0.947240
0.967334
0.919835
0.420994
0.562278
0.981759
0.224008
0.057799
0.268504
0.837495
0.631706
0.963344
0.865553
0.425958
0.886875
0.912761
0.267038
0.451998
0.684028
0.086835
0.011106
0.765463
0.388323
0.381819
0.964767
0.350343
0.378520
0.139658
0.466494
0.762715
0.682393
0.787041
0.304957
0.934034
0.807243
0.693454
0.945537
0.815429
0.445614
0.746559
0.816290
0.806865
0.419148
0.338161
0.854894
0.490067
0.706788
0.917294
0.904231
0.465444
0.901818
0.500324
0.800124
0.666240
0.747157
0.130777
0.701934
0.199152
0.085476
0.511332
0.962735
0.886502
0.767095
0.505865
0.981074
0.595639
0.712505
0.165705
0.763472
0.644203
0.384231
0.055177
