1007.756158546094980
1039.461001119547745
986.994048754624600
918.568826876846742
1064.020281521300376
973.183052118364117
1092.630081444524194
1024.849802407775542
982.658376183420160
1048.053770095368009
1106.029618571141327
920.837039646321841
827.350570560090887
858.718191002184767
858.960663124255234
1129.875375954120500
1020.840370629611471
1132.250405717855301
1001.406422249637103
965.100959869376993
1060.282259948455703
1102.981183336087042
994.968695973925833
1036.012708702706504
999.604129701627244
1003.322718711969515
1022.200195428187499
1009.364959192349033
1022.768509298680101
953.148543677845169
945.529913556953375
1091.548375493172671
985.878404799960890
1059.705157173955286
1073.452196371920991
971.127607643488091
1077.227532040493088
982.654378683696109
1047.696672880301549
1015.176404787572778
1015.416220437639709
1154.050807920066291
1016.827977892131571
987.507911169182307
926.993840295706377
1037.230661820241721
944.991283453071560
983.525549663464744
1049.636128247743272
945.860201203915722
916.404967508468872
1105.188777769522630
1048.471156738080708
978.125978987371809
947.081224866777120
940.028085649499644
1027.944816200745208
1012.212183501642926
1147.001555388891575
1029.418523200752816
943.260664550691104
1006.658870351448741
1096.947109096071699
930.642510794350301
1009.378517192105846
1065.373805581376701
939.822603512103910
1034.777300680244025
868.226134431484979
1010.203278298018404
988.872734556592604
1083.244062988224641
1049.478048523747475
951.516086376663566
945.220003534583270
944.165037599042080
1127.878165640675888
1170.529704354555861
952.534511745396003
1032.355536075985810
1100.103134921747369
1015.161239372710043
1101.033366179190807
837.938768407724638
1032.886346514399975
1091.453095212674953
1005.177881314379761
1047.249803694624916
980.793002861836612
1003.588050275230898
911.847136016216950
944.144557280175263
873.056223226387715
970.979348521583120
1076.709230917507284
984.342551966015321
1056.476916983147476
918.358690617983484
1013.884656236568162
1073.497600976561671
