1.511276834277686
2.096660103708330
2.034035630425233
2.806755920771589
0.801526948924209
0.297253437390592
0.006682919178795
1.375743498501293
1.592839815780255
4.841085785479573
1.087781817927033
2.723836012040812
4.343232585925366
3.694319017758954
0.295860652977237
1.863160492174488
3.325862133552271
0.031053138998346
4.766406303530150
1.156792449795129
2.435155699839255
0.356170602243870
0.753789479884758
1.721238272609839
0.557926227924400
1.206391002353834
2.456182243932923
2.853183522955090
4.166891261615274
1.258161084305353
3.921826795977797
4.909321383626063
4.651581888159061
0.657614597241206
2.160621366846387
3.279281186424454
0.356277764615604
1.998701147406894
4.536847585327253
4.277131262319823
0.238806760388096
3.859043944154400
3.863960225803637
0.352369818408986
3.272828295968488
3.792584310870297
1.013625663579310
3.673334868612257
4.324422519712888
2.689261777037580
0.883187030344962
4.684515812133815
2.273162464363063
3.779734436472113
4.046698248049698
3.352985928404863
0.758943745271112
4.617710938582007
4.222408944299120
2.935218789527130
2.773991443715799
1.654872510116176
4.602720739698951
2.689077454043210
2.720760795414756
3.118475391935051
1.958817914546291
1.630722157733350
3.873179765660286
3.787048006511960
2.943652988401287
3.342707838737091
3.012730721143030
2.289175038094190
4.099824185647349
0.730631867495843
3.952807946168122
1.201109831752623
0.483093859043328
4.701107057513668
