-9.934601910484573972e-01
-1.108591741444707290e+00
9.119825106188601538e-01
-6.102678373603770412e-01
2.679185598626662723e-01
-7.659952476573607116e-01
-1.660087279288949613e+00
1.506724304002880488e-01
-7.825923641799655828e-01
-3.223155668292630449e-01
-6.803900024929073753e-01
-7.544046107182895700e-01
-1.937481040237231777e+00
-1.079155933798604083e+00
4.147650669867061768e-01
1.524734070995741320e+00
9.469207475469388902e-01
-1.507378758114776840e+00
-5.775916926366243542e-01
1.666774474280681151e-01
1.638851732338822975e+00
-1.040473356154923756e+00
6.891507725504580906e-01
-1.304018222845717334e+00
1.754250816062581653e-01
1.012769172146683827e+00
-1.106001083143742791e+00
1.065503003014184547e+00
-1.103362875451111558e+00
5.350765990045791565e-01
-2.661059150573664711e-01
8.491952344329464220e-01
8.208078745398189602e-01
-7.618324411166536025e-01
8.341344431934625270e-01
1.859264022901702784e+00
-8.423272312367346970e-01
-1.440150857528621708e+00
-3.754398523550731559e-01
3.502313469030272630e-01
-1.130667485776729153e+00
-1.687488076631315781e-01
-5.744112893293966682e-01
-2.409127291710615459e+00
1.242095806442159445e+00
1.588995192459064301e-02
2.487696045995322347e+00
-1.128121231004350244e+00
-9.406845447589562426e-01
5.123088755736795452e-01
4.039715830084709691e-01
5.284561019802119786e-01
2.748988243394663578e-02
5.850999858566460210e-01
-8.121543719217724222e-01
-5.559229224614937737e-01
1.758704922848811081e-02
-1.542173379099214259e-01
4.680152375589335390e-01
-2.165633563121999838e+00
-1.193822020315906007e+00
1.451812352380795090e+00
-8.417002991989764871e-01
4.714016954725696040e-01
-1.109238171363796210e+00
-1.034839451786123465e+00
-1.154335895399522860e+00
1.921958770860906718e+00
4.210657623003399852e-01
2.050544997013480641e-01
-1.363597737249621078e+00
-6.402453983737692311e-02
1.215171410354661946e-01
3.925060470539703528e-01
-2.067350315391210724e+00
-7.238384078744998507e-02
1.364212246894944469e+00
1.101051462125108182e+00
4.871932474358238452e-02
1.397769195433224532e+00
8.575935496800817237e-01
2.010338807925552557e-02
-5.838001669287858908e-01
1.352357017815823959e+00
-5.170922258170304597e-02
-2.235771970427050892e+00
-8.027028870811301342e-01
-4.662915196376366533e-01
-2.332209361702425028e-04
5.872175398879616592e-01
-1.377310952524135379e+00
6.026697269024300363e-01
-6.338542727004632393e-01
6.948050201672255344e-02
3.028222084046328089e-01
1.491557896448726828e+00
-8.246743747269902336e-01
-6.232199623167448133e-01
-1.125964153863800332e+00
-2.089524185448283777e+00
6.602953656631191937e-01
-2.172565749100140220e+00
-5.924320257800057554e-01
-1.838687791571506913e-02
-5.910489378425638485e-01
-2.631712905516981338e-01
2.048850266965759559e+00
-1.194146088466634947e-01
-2.423430844595337308e-01
-1.554403641332060326e+00
1.060493046136186557e+00
-5.141632612353752574e-01
-3.526002562250276640e-01
1.286814170687009318e+00
-8.511540982317569171e-01
8.146981452687021008e-01
6.454743335996312448e-01
-3.582390234563680997e-01
-1.315839478472928537e-01
7.675566842204851747e-01
-1.792656686384644260e+00
-1.379960192636249694e+00
4.478084546418013012e-01
2.240032393324515869e-01
-1.131552072803921005e+00
1.702043356667974627e-01
-3.265660300090972856e-01
-2.052871436363979396e-01
1.126977859999712811e-01
6.962870839189797545e-01
9.821956097799041663e-01
-4.871128549452539286e-02
1.997779729824456396e+00
-3.034534265099499972e-01
1.874366552034303079e-01
5.563227674303495851e-01
1.011738615470736180e+00
-9.894894460842446060e-01
1.124237484063138837e+00
1.603065367118990808e-02
2.296330389308705477e+00
-1.133568766177287301e+00
-2.878282842108801365e+00
-1.168220683623435230e+00
-3.609932816240772335e-01
-4.537560820058688105e-01
6.352372332715705561e-01
-3.231354814596933411e-01
6.177653343031610511e-01
6.763635096361975130e-01
1.606115892794569344e+00
2.303662324966350705e-01
-8.239469924811448909e-01
8.351764481053178257e-02
5.123856503733040801e-01
-1.188789995523114262e+00
-9.495137717444444847e-02
8.601478759237417560e-01
-1.974697644877593250e+00
2.941801521734578317e-01
-1.329233961000384934e+00
-7.990070426491335809e-01
1.971910979220375060e+00
-7.920830353481614350e-02
8.435676738855345524e-01
-3.671574733256642298e-01
7.813536075333641362e-01
7.644409048296505471e-01
-1.874920451936309185e+00
-2.315575155823833622e-02
6.720547447352812620e-01
1.465380697412042021e+00
1.860682985395298861e+00
-3.857827315789705391e+00
2.658079144929891280e-01
-3.629780040743317282e-01
-3.566007941320498698e-01
-8.014704417621710819e-01
-1.755618279739490362e-01
-4.517979459579468671e-01
1.048750847049429114e+00
-6.103146722993980644e-01
-7.011980923280087818e-01
-3.669330514922121145e-01
-1.291749013355600328e-01
6.690542301307357276e-01
-8.310727395632179215e-01
5.255729932999162468e-01
-3.126802425683339881e-01
4.868798570315163721e-01
-1.099899691560114467e+00
-2.191577284646533397e-01
8.234838750852907507e-01
-1.181595942658967280e-01
-3.460149131769098552e-01
8.070369180039288493e-01
3.215238182130385258e+00
-5.466101767029483138e-01
-1.573936979582423401e+00
7.453615400216938580e-01
-3.667868657530471421e-01
8.234307214115961226e-01
4.285384063815827482e-01
8.618845774181486119e-01
1.818514347879613524e+00
9.594749852572725946e-02
-9.875175128453433579e-03
7.454910952779997269e-01
-1.467006643698042456e+00
-9.863084175949736743e-01
-8.741120034149104656e-01
8.882704040004223422e-01
-1.761299336283442596e+00
8.791382817468335054e-01
-8.745121291932037577e-01
-1.905974651549962262e+00
-6.329022213902930905e-02
-9.757755307452661286e-01
2.706326409619947970e-01
1.368659716590147735e+00
4.124631526196331222e-01
-1.803798215134003735e+00
-8.767083903199776040e-01
-6.400336108032442795e-01
-6.014796394624967180e-01
-8.923871322883567547e-01
-7.879841363909474428e-01
2.118861056199878856e+00
5.633882380508010712e-01
8.265803524501793564e-01
-1.045737140560532241e+00
6.538948359959793066e-01
8.464494819624178712e-01
6.413226148337985988e-02
1.820794948557238113e+00
-1.058888514999456909e+00
1.071299119264507826e+00
-2.004933891939454593e+00
1.299681087644870281e-01
-6.165952836554731281e-02
-2.595343663344481744e+00
-6.802010294941553958e-01
-2.056146334936530096e+00
3.634832786004987271e-01
-1.200769315617283978e-01
-7.141776094964612520e-01
1.514589925339939191e-01
-6.207446568409292764e-01
3.036503269299486996e-01
5.847556708052331631e-02
-1.679487577488063987e+00
-8.714776523586004187e-01
-3.483422655532114609e-01
-1.046293715880294961e+00
1.486641945434809264e-01
-5.777084021762296517e-01
4.265903432881888446e-01
3.464527565103638074e-02
8.956265927007828198e-02
-1.867681465522646134e+00
1.284447564492028127e+00
-4.214783320809101785e-01
-5.757777963834044277e-01
-1.027290224921799444e+00
-7.881303783365378735e-01
1.387281587276104178e+00
-1.492205961953810167e+00
-6.257184585644164354e-01
-1.744747154170181114e+00
-3.730093526176244678e-01
-6.109568353305129262e-01
-1.550718220487786514e+00
1.779709135605117343e+00
2.802569427873917163e-01
5.956165323311456428e-01
-1.007065333959977910e-01
8.494185015009402262e-01
1.024651738386933131e+00
-1.420456795727486066e-01
9.997191251741184281e-01
8.484020343062058656e-01
4.771746429577577442e-01
9.833855874160193355e-01
-5.522519990092590314e-01
-4.648185812110772197e-01
7.554320586838223495e-01
-7.392633629063651846e-01
-2.786800555717390826e-01
1.248849081846978626e+00
-1.688556060710306728e+00
-1.183483025583386805e+00
-1.685462934955773262e+00
4.081493936753967655e-01
1.438117050843931599e+00
-1.526068834811883157e+00
8.725183870163683020e-01
1.669567212419095892e+00
1.304280050838299676e+00
-3.020309861686947817e-01
2.585159030271540204e-02
2.775406887525941335e-01
-5.658467408234141294e-01
-1.194894375329369263e+00
-5.677595518263507390e-01
1.167563959722635270e+00
-5.073865351698920723e-01
2.543088850154382463e-01
-1.418201609557256937e+00
-1.467927916675514144e+00
-2.465518685257606091e-01
9.927226743031376810e-02
-9.456512848008992445e-02
1.465866835734376261e+00
1.690770213514384279e-01
-3.520466485813499025e-02
-1.168307152699414875e+00
5.487896954361985991e-01
-1.229251895312610809e+00
6.092671174801393974e-01
4.442576026838006564e-01
-3.750935395106834158e-01
1.110783108585428280e+00
3.834071661202878567e-02
-1.815417194406843959e-01
-2.214181688305446816e+00
1.707419338579216461e+00
1.509415314714014578e+00
-1.050041171197515277e+00
-1.584738808179031733e-01
7.844949657947062338e-01
-4.819500894981872119e-02
4.535120853608677893e-01
4.946753724368612715e-01
6.380331767402557253e-01
-1.994104232400711607e-01
2.054729467402673038e+00
1.143527093823215601e+00
2.008672578846210310e+00
3.653749943028136021e-02
5.718179244647496606e-01
-2.739704098159375656e-01
5.678906196733597422e-01
5.625715831148861978e-01
-5.218896941220592112e-01
1.701206968693592669e-01
-1.166812223177247976e+00
9.460183555373237463e-03
5.768078459695011873e-01
-3.678984016989832462e-01
-2.544496281210425481e-01
-1.035257021387397280e+00
4.552144923764160911e-01
-3.191024459440711114e-01
-2.726468720406908242e-01
5.806331361410179692e-01
-1.748804789822844263e+00
-6.865593655463188005e-01
2.977194992791735162e-01
8.590835022913230479e-02
-2.420564201966185269e+00
1.242681624678090152e-01
7.186399706869978088e-01
4.078757117079905292e-01
-2.350973150073985274e-01
1.583170097245850116e-01
-1.540925439075327752e+00
1.230367072099782577e+00
-1.200183168178249993e+00
-1.562061423885598765e+00
1.899992141813130253e+00
5.840538180792131939e-01
1.076254819891163950e-01
8.107276677800896447e-01
3.032157950631458876e-01
-3.027204190192916977e-01
-6.464139770835519716e-01
1.379407262382422727e+00
-6.075243720619970533e-01
1.591946582637412178e+00
-4.275745581962631658e-01
4.700785715166844736e-01
-6.610890575905721267e-01
-8.341674658063842340e-01
1.606498998575590864e+00
1.658865314769336630e-01
-5.516492334764777627e-01
-6.784808534962015747e-01
-7.090920664247053473e-01
-2.219746879540076545e+00
-8.401737721113256008e-01
-3.359450917685909421e-01
5.275345511391087427e-01
-1.212397428971879076e+00
-3.871218707163879280e-01
1.488692630027406705e-01
3.872218068131394464e-01
3.529636114313223771e-01
-1.575673064180601157e+00
1.259236477194851656e-01
8.962182828218500097e-01
-1.919505552924634317e+00
2.249232089538790724e-01
-5.734459397209301645e-01
-4.144709752782983758e-02
2.038719766225887575e+00
-2.730435236989055547e-01
5.148371448067198264e-01
2.423529144855027795e+00
3.243183843928894583e-01
-6.857717696388219986e-02
2.805557348589606259e-01
-3.522646869712813822e-01
2.299405855634594625e-02
-1.823588130080498360e+00
-3.489947329983447699e-01
-1.360384272727170663e+00
-9.239956440759018452e-01
-3.235706719481106775e-01
-1.710473466241693830e+00
9.149459593930232559e-01
2.225736011452590368e+00
6.241892111664223419e-01
-6.058035383688711306e-01
-1.819981338604922949e-01
-5.750846552504152998e-01
5.680019359096771803e-01
3.509003488849023467e-01
1.312853880327431000e+00
-1.326603290890801867e+00
-3.981224956034468687e-01
-2.568456157049005609e-02
-1.394772845463629063e-01
1.667395444985792299e-02
-5.943443882893360009e-01
3.627748289764269329e-01
-4.800216249997645845e-01
1.108739625513650295e-01
1.094378237157207723e+00
-2.448190160604428733e+00
3.817460430647332537e-01
-1.581382744658984818e-01
6.405271788490714269e-02
1.906392058088381303e+00
2.403759039054126356e-01
-2.074324313870691550e-01
1.924068031646093191e+00
-1.636355479272210145e-01
-6.262095049705466154e-01
-2.591404763154918078e-01
1.279429963714626139e-01
2.310682326064871506e-01
7.989663761839129741e-01
2.859337409402711860e-01
1.308865560625633417e+00
-3.026386939140357502e-01
-2.040017785496274771e-01
-1.186621642078142802e+00
-2.217251133900488835e-01
6.430388522325529710e-01
-1.659032175558245559e+00
1.987580890438827241e+00
8.685086862688493614e-01
5.901512989888879623e-01
-9.327665667927351190e-02
-3.319072675532244165e-01
-5.509372625913175892e-01
8.931914302700393327e-01
-3.319419644630041688e+00
5.022800924725454585e-01
-7.637111352158940658e-01
1.770646503733889654e+00
9.318502771911885141e-01
5.219434175107482421e-01
9.099528398820019293e-01
-4.473941200634158344e-01
-6.769549786578089590e-01
1.014586432815121508e+00
-1.891342186945802029e+00
2.303496629790324768e-01
1.586622644576738683e-01
1.826926581149090623e-01
-1.802936545660928758e+00
-1.597815494722484020e-01
-2.017624988552837006e+00
2.952048594868384446e-01
8.307281760742230015e-02
-8.178968579543720585e-01
6.757958798526000344e-01
1.591435914932302964e+00
1.040896889632769440e-01
7.054474998475034342e-01
-4.305714402989542777e-01
-2.138273854389347139e+00
-1.528038999463631864e+00
-1.491582102774535068e+00
-2.422006087365510041e+00
-2.361768506354786079e-01
1.710651158456489185e+00
1.414383607083682104e-01
1.444006611451717603e+00
-3.538373446640429854e-01
-3.090739091775517866e-01
-2.891196152049260171e+00
-7.056433143803390040e-01
-1.516520112512114229e-02
-1.040087770438377524e+00
1.202779810672644611e+00
-2.339927630387653723e-01
-3.761175808296158829e-01
-9.655825497063368346e-01
7.019826231764457747e-01
6.457914282229385572e-01
1.392824725118901430e+00
1.772055667741085028e+00
-1.278477842650561858e+00
6.667452103830893984e-02
5.253816229543534222e-01
1.117355631504641345e+00
-3.256081798929753024e-01
8.557341286023332216e-01
9.705231380712710243e-02
1.504643958397599013e-01
2.440480042419332918e-01
1.132488858419424399e-01
1.060273170038929402e+00
-4.122372268456214184e-01
5.900765257511879358e-02
-1.722784726462306681e-01
-8.002439497143723490e-02
1.019026078538391555e+00
2.389877238018382755e-01
1.277135658192372514e+00
1.213531719648633239e-01
-7.682362993113327487e-01
4.955768316959263675e-01
-2.485174440061750367e-01
-3.571625859309467410e-01
-5.339842614912904128e-01
-6.846504240152081477e-01
2.914884057182911062e-02
1.116441980876435869e+00
7.670530036516126637e-01
-7.740439675283377063e-01
-3.606841207027050022e-01
1.217952949538785967e+00
7.216519817787147018e-01
4.679394412510451406e-01
1.624977576574028748e-01
1.113625636598726931e+00
-7.461468593986607667e-01
7.715229446576975514e-01
6.336032251277652350e-01
-1.290735591034810170e+00
7.620531626808837444e-01
-3.702645839636935499e-01
-4.825198847236593647e-01
-8.359316538948882158e-01
-3.675081988358112617e-01
-2.241764395495161044e-01
-1.131776840924864080e+00
-4.979896565793655583e-01
-9.669927988526412221e-01
-8.997142168351329738e-01
1.510644855026419986e+00
-5.476940279577430237e-01
5.602106919001265117e-01
-1.788534307666055367e+00
5.063946725131975857e-01
9.259931298596302263e-01
4.497461485701717554e-01
5.668932861518316546e-01
-2.461523029760275538e-01
2.016074573950326076e-01
-1.620613586787273519e+00
-1.478328092972957863e+00
-7.034027495971949262e-02
1.781141540249882249e+00
-2.549109215202435053e+00
6.706555860566203453e-01
1.046676642619681852e+00
7.302953942735881387e-01
2.988740652181348878e+00
1.713684373138604666e+00
1.333847031110030057e-01
1.601349221240028431e+00
-8.043397110933216965e-01
-8.299104171851474643e-01
1.741267537187251857e-01
-1.205970192050509260e+00
-8.846229122273422396e-01
-2.600710933826071880e+00
2.413732934977846634e-01
-1.463342421071123223e-02
-5.254337856937354445e-01
-4.713954355922799211e-01
6.851520192822587729e-01
8.801504253153463742e-01
-2.239361542375161163e-01
1.081700708905565911e+00
-7.961887253420106836e-01
8.887615249403372220e-01
-1.464416488325311017e+00
3.633862727697932948e-01
-3.087668540770601711e-01
-3.270435551937926344e-01
5.685595692410184976e-02
-8.906609985716430478e-01
9.480324932942031380e-01
7.008727401154174474e-01
1.006552689566134529e+00
9.890472046201650436e-01
2.316928125681917194e+00
-6.780888131877994551e-01
7.130594901376853256e-01
1.899471125882858380e-01
1.103122078539498396e+00
-6.315535759928159187e-01
-3.383387402647275999e-01
1.726501273990952712e-01
1.780409165127022353e-01
-1.374544836381636603e+00
9.467370125643082002e-01
-7.194949603269529259e-01
1.585774033551502482e+00
2.112650231724801042e+00
1.619809803050961117e+00
1.045962272981802110e+00
6.296416345726069119e-01
-2.322682294622199217e-01
-1.138299492956098780e+00
7.875498335517685522e-01
-9.221463859121914464e-01
-1.900613890179060350e+00
1.037634475632719155e+00
1.573138662509951491e+00
-4.347459374402549148e-01
-8.499494875675090988e-01
-3.679174682610789060e-01
-9.852920742640378649e-01
-1.659455261357618117e+00
9.905758376501699880e-01
-2.178853488257801591e-02
-1.094793929944930244e-01
1.351238670735722014e+00
1.140895248881009350e+00
-1.088961209256390505e+00
-5.314395231099614536e-01
1.120990031031286138e+00
-2.057502917264223186e+00
1.548364700856011966e+00
-1.216077035836974796e+00
-8.905530208764823596e-01
-2.464874795167862065e-01
-1.895266518717122761e-01
-1.138915416028350780e+00
-3.979003427326460174e-01
2.734018272061028987e-01
-8.514862396601506900e-01
2.161718926446568739e-02
-8.169541947103005075e-01
-1.483243131144184046e+00
1.103479628710289512e-01
1.017900114240460452e+00
-7.330583851998273559e-01
2.517072061585420517e+00
2.088762715117011282e-01
-3.426854175798947355e-01
-1.338438609221590081e+00
-5.545257714627889190e-01
-1.900933760520699289e+00
-8.677754736080949272e-01
8.631566211969933233e-01
-1.734468768221353319e+00
-3.469326672881081763e-01
1.775111098872876880e+00
-5.496725619997974155e-01
-8.274538260236733445e-01
-1.731231712026667147e+00
3.430876871316416166e-01
1.857728621385716650e-01
-6.160827837466665846e-01
2.462704135830573182e-01
-9.080109586099007757e-01
-1.041160023007096980e+00
1.902685947227342744e-01
-1.289516034017998414e-01
-7.203624492327670437e-01
1.371352270468586321e+00
-7.605688252792441872e-02
-5.296332454795324440e-02
2.445370513185540495e-01
-5.605380312915453356e-01
-6.605505706739630556e-01
3.369057942396082028e-01
1.171079449859092181e+00
8.531165479981485111e-01
-6.669721065071695376e-01
-6.311174513395371478e-03
8.491893740159561776e-02
-8.563985342026489422e-02
7.034396732145768716e-02
-2.879169366302348765e-01
-1.841722989742341943e+00
-7.649549988310089255e-01
9.982411080689359562e-01
1.442704980609248677e+00
-1.693065086684277132e+00
1.399468994795566745e+00
9.007068017459898268e-01
-5.244251490161396800e-01
-1.331491605562411806e-01
7.398642958550317728e-01
-6.219335897802864555e-01
-9.687881092629285762e-01
1.863704484659030491e+00
6.575317141065549764e-01
2.398703510931496086e-01
6.961604346126482046e-02
1.083901382907899863e-01
6.158925976173571515e-01
3.498915634842841293e-01
1.488536454331587100e+00
4.144554504118357352e-01
-1.780480105061182483e+00
-1.536807423514573223e+00
-1.701185452533786169e+00
3.004230526673426493e-01
1.216346793422886791e-01
-2.104889287674471532e-01
-1.831337053160900563e+00
1.936731322626353002e-01
5.487725533897355179e-01
-7.148650875950002259e-01
-4.541966201073163178e-01
1.074565812514559848e+00
3.331751182732768934e-01
8.220848547620906999e-01
-1.521530320945826631e+00
5.689205413940783274e-01
-1.038261713319236446e+00
1.372050973515902772e+00
1.169230115908741041e+00
8.565728991942670456e-01
-1.298680076082793233e+00
8.911121754602460143e-01
1.776562883400808479e-01
-4.583063706219484557e-01
1.261552676599851930e-01
4.943481519786227518e-01
1.304413257922978797e+00
2.794079228704992035e-01
5.916418605206229531e-01
-3.477976771847258175e-01
-1.367748636867845979e+00
-2.413904528297846352e-01
8.407678222552587011e-01
-9.441240539220322470e-01
1.748334631169668141e+00
1.618468653001748914e+00
1.578817982276315535e+00
1.762570889846146738e+00
-3.502160298711404773e-01
1.130249123440622894e+00
-4.515732085846219795e-02
1.996891243331467836e-01
-5.800466937865812467e-01
1.889719422892880973e-01
-1.343098699625466574e+00
-9.162461204819375427e-01
1.223971660359751024e+00
1.306487736375916864e+00
-7.513393942438146844e-01
-3.211757926729353341e-01
1.478184948670187016e+00
4.462916348371350761e-01
-1.550799097452724151e-01
-6.708758259685793091e-01
3.721533564285894879e-01
8.712649747453857785e-01
1.308919627080629811e+00
2.614618648082913110e-01
-5.731481556943741618e-01
-5.359059395555447747e-01
3.237603190488949068e-01
2.899748068499572451e+00
1.542141252564164233e+00
-5.993336459504794433e-01
-1.437014808969562019e+00
1.716708192681085654e-01
1.717991971160320430e+00
9.732124621997677583e-01
2.947388107729354556e-01
3.439764617321636186e-01
1.834699834245890004e+00
1.301918715160555740e-01
-4.101663042549956451e-02
5.755690728205577200e-02
1.221125629413525981e+00
-1.553840207169890020e+00
-1.624074405826570811e+00
-2.914386917180741832e-01
3.235269470524944069e-01
1.377370384891867250e+00
8.693492238110709369e-01
-3.263325948419085187e-01
5.295662702199778471e-02
2.528294393137441309e-01
3.787327356167708436e-01
2.200264473440904922e+00
-6.914371357454307532e-01
-7.799185147447750266e-01
2.162735888311515975e+00
1.842898258606686102e-01
-2.172968714627423470e+00
7.770481421326212723e-03
-7.923138246001122376e-01
-6.036628067975745582e-01
7.569447888818824355e-01
-1.512465853592503739e+00
-2.271312723612524676e-01
-1.814482825208983130e-01
3.193900701143595477e-01
5.185367681607617740e-01
-5.118106045240674584e-01
3.161508991448873651e-01
7.367410491048320687e-01
1.524273833663394528e+00
5.646678600699102102e-01
-4.885337427385154641e-01
1.714564944881318720e+00
3.603078804033694182e-01
4.854679496142445538e-01
-7.458003389795320182e-01
1.342482348641597545e+00
3.837015352910889687e-01
-1.673530784355455658e+00
-1.089747117669794596e+00
8.347514303678327252e-01
-5.405567346893664915e-01
4.229515536036961287e-01
8.551317952885462148e-01
-1.332083088569243901e-01
-1.425192912337369222e+00
7.242760129890847276e-01
-4.923058564356162514e-01
-1.674178193118755820e+00
8.139458658375486877e-01
-1.854536003565748770e+00
7.086510532891054925e-01
-1.046427819498934042e+00
-7.524033468797585167e-01
8.677276745648531131e-01
-3.208828919005411034e-02
-5.075269012512553246e-01
4.657353948571851254e-01
-1.591134703323723587e-01
7.069236803400253955e-01
-5.811154738981008094e-01
-3.918841030432192452e-01
2.385487432149852705e+00
-2.807844038328848324e+00
-5.799129517070832351e-01
-1.015694606296015712e+00
8.265164349105599273e-01
-1.948188897761913563e-01
-4.564859568504188170e-01
-3.137328150703823093e-01
-9.101744196169412326e-01
1.343844434703310053e+00
1.545197736873324512e+00
1.982952077699801918e-01
-4.817496183139701738e-01
1.235968939047295434e+00
-1.262286816802527412e+00
9.827743351968398766e-01
8.948564605107148795e-01
-5.624231106913036848e-01
-2.272730519422026807e-03
5.185122359227493094e-01
1.589948998778268896e+00
-1.859361661319784975e+00
2.072076135138945230e-01
1.577906137526052244e-01
-3.565005853342293474e-01
-4.482490063245396783e-01
1.291226604831441138e+00
5.336237358612144766e-01
8.960882911630917158e-02
-5.280966201495219670e-01
1.256857981737441898e+00
1.525842786997583689e+00
-2.117379257973896756e-01
1.913638999629021509e+00
7.317794697286204852e-02
8.920320088232178701e-01
-7.372932278641037840e-01
1.295464003954904519e-01
-8.484144843718146589e-01
-1.470334291661169690e+00
4.059120655602014849e-01
-1.867008658718238623e+00
-1.178253101944342518e+00
-4.111662759635476561e-01
1.035209992472361229e+00
7.709788487910684829e-01
3.402340944926014021e+00
9.230448556699833995e-01
5.293474412918414140e-02
-5.037991424654455347e-02
1.427101474056801544e+00
-8.581464756781354009e-01
-1.021557379057605575e+00
1.661780364166519919e-01
5.808897593749086097e-01
9.009647925660015932e-01
1.179933219092272223e+00
-3.922789572673281988e-01
-5.299659318414866593e-01
-6.335508313299463845e-01
-1.082157716123494318e+00
-1.676319950181872631e+00
-1.275531890973037985e+00
1.096304482110018963e+00
-4.527527421116947504e-01
4.629402162792795594e-01
2.166985884412135910e+00
-9.338395105811856389e-01
-1.095985523973332487e+00
-9.038798621679088319e-01
5.398452708178866910e-01
-1.246915924333138470e+00
-5.300891619445197156e-01
2.695887961403498415e-02
-2.002864979244742272e-01
2.672233242776833051e-01
-1.188828329412803253e+00
-2.232513301156258123e+00
5.305680680670721294e-01
9.209996352455827040e-01
1.204782427565513014e+00
-2.339484870828787422e+00
-5.418099826527985607e-01
-6.048601904068346552e-02
-6.588213059587000320e-01
1.630166237481835700e-01
6.879530297788815085e-01
-1.730640805389088710e+00
4.523244205573307419e-01
-1.830945047027800199e-01
-7.061893809495375374e-01
2.802812967045009152e-01
-8.515542937615787622e-01
1.534179567588048299e+00
2.102106523137489691e-01
1.655508468712907799e+00
-2.031975390053240460e+00
9.442828895653467836e-01
-8.426397801224819739e-01
1.031064031680750670e+00
-4.965528755457550014e-01
1.443686680207561246e-01
-8.759229137593407821e-02
-1.546562580315510749e+00
-4.474012441326806200e-01
-7.687011608433196308e-01
-6.006122467206721494e-01
1.407755375295436817e+00
1.067644804503581790e+00
-1.965935829399357015e-01
-4.983632962505085695e-01
-2.283859996222587507e-01
-6.825877299474915061e-01
-1.280278627098411448e+00
7.251071234176547087e-01
2.064224096977853140e+00
1.473922611194722121e+00
-8.264552736324485283e-01
2.085530536240442767e-01
1.477525795606216663e+00
-8.645748249937690311e-01
2.549813178226711385e-01
-1.828180202440652158e+00
5.796419747768322139e-01
9.218401701461388376e-01
-2.467213340854419457e+00
3.975676496862887710e-01
1.470995301614272277e+00
-1.454366700113608912e+00
-1.004535125269870655e+00
7.119054972072889065e-01
-4.225804690133861397e-01
-6.056511371381666509e-01
-7.394701094296055599e-01
-8.650966285654629884e-01
-7.298287402996027629e-01
7.170102521839721854e-01
6.711722042008513300e-01
-1.226212493986667429e+00
-5.274542426032979847e-01
-1.293765981936302323e+00
